698558
9562
583770
303241
864863
958087
813705
837126
938449
170861
933132
903551
29083
693228
781644
235818
608595
394538
736159
356425
218854
722124
115919
364308
219991
118794
373476
921403
936773
903641
790261
337502
435279
359611
109830
669630
204661
482524
349689
22113
861362
413725
380738
318961
315374
807043
473851
303737
593310
789041
954533
370563
460342
921040
490146
142771
19008
676295
129327
961628
94700
452403
231098
751793
177663
756231
1560
727056
747917
239071
441131
800755
55072
652366
35041
552769
410836
638663
761477
946985
277422
971885
391321
155780
398158
201846
61270
761086
657733
514157
857825
789432
256136
624531
863016
117629
47429
214370
467847
350312
344371
895230
128926
607339
262431
520180
780980
7903
997461
950766
514028
367037
821938
435044
885565
137864
925494
641896
20355
799015
117949
994348
94922
418206
80299
700530
122611
480659
730363
259948
964392
176320
874340
377372
67498
478523
860031
124137
836401
8856
897328
509060
548469
559151
405116
630213
420918
158507
224141
453378
354737
587687
822088
761683
426702
472205
137136
361232
570391
121209
464539
468607
76503
862573
978311
922112
407910
753032
259629
84783
166126
397764
667257
180650
655232
824812
342771
485534
10854
391196
858489
32270
274248
61122
548590
600721
16888
853282
958297
121519
323647
551509
162387
823217
566370
277031
731643
736449
491930
745079
972512
981360
435629
149137
892350
895046
279467
332941
838836
101253
369769
673488
259170
116483
447171
396913
208150
385760
618694
244750
737459
554896
949208
170951
883865
835511
349587
80611
964543
158789
500766
291329
925457
8723
920848
68062
340750
511276
909478
868901
463967
310671
702941
898140
962288
517822
262164
485780
110118
461247
402267
327695
810357
720683
418613
188766
175767
300045
574206
565111
711992
181086
819514
859290
389787
710912
850980
751284
29827
444742
111648
549016
727523
905292
300935
643525
497257
971114
837300
434179
98300
101935
495752
995920
78969
50278
786147
127366
202325
738236
462542
301730
230637
497548
573446
173781
578225
244648
252190
584367
110409
499762
621660
215220
348898
289451
349552
581638
124828
611497
136482
463763
712563
448423
303514
683957
940167
570759
548831
907766
610757
63752
70797
456295
151459
270144
70624
24960
215301
966984
763407
242672
252486
828619
258511
400929
865253
384780
883146
877402
653328
861225
109876
550020
959744
608484
260986
865578
74790
739774
359297
896106
338623
428495
219391
643355
259234
194814
412632
475702
127071
277252
125403
664737
101594
750782
491808
872096
250742
223950
566549
74376
382376
192216
319924
406764
503044
58047
848628
523870
295729
78847
401124
317452
403679
89371
30390
768402
727715
816442
699464
507281
938245
974835
737811
79188
2696
80976
195850
429081
22553
848267
364278
432911
356480
936722
601500
176251
114920
669458
766827
479066
678141
93200
608312
966762
966610
377736
955989
498678
949029
645851
384444
294279
36451
984580
603047
653984
942684
117532
132611
424062
898240
439943
989085
312799
863577
941521
473983
388464
251430
491246
10822
51220
418039
997822
756588
879259
223744
718491
284508
571237
307100
821695
336346
696388
86116
325633
21195
739012
595444
717193
904784
100972
879754
712045
801995
123481
119123
606800
78076
408095
499511
93312
760843
645522
288245
827208
625253
340409
451981
835558
494290
418932
609596
808573
997377
652146
395182
43746
402832
600996
751289
747885
594018
768127
821934
562152
720058
974435
114095
537384
216725
217016
274078
700260
460525
135823
770122
945642
849585
658696
628938
973957
405339
377539
814959
242734
800309
818141
776356
192215
240162
612058
892981
878008
835258
907860
421171
382361
240085
146810
429560
596904
273127
768712
628371
986210
288024
484758
499059
258226
840884
375278
625417
886764
679048
184071
767247
444003
94172
35572
43051
577616
295276
878225
716135
932194
813427
133126
113795
156474
290950
403802
32346
341923
808525
942297
393446
468089
970403
801127
66105
475638
597093
638637
2788
72295
378363
106111
78886
527370
933467
191118
685960
27420
689373
294871
613127
663366
192382
79265
440634
413569
170232
716232
384773
209315
855515
416424
797805
226969
373354
886780
223789
620295
377857
621991
398006
860328
222553
307012
346486
857622
182891
639055
998543
549842
976814
233276
124136
709117
18536
461813
191486
297433
270667
480460
948662
744809
995376
716044
490857
936474
579216
142608
942052
472483
908817
465992
874734
772405
795573
235626
886094
675051
260448
924582
918447
999879
841846
133408
898917
442669
990641
461552
623202
533137
293933
82138
165741
648807
849783
536581
433753
693415
9102
764135
572348
924559
751250
404396
139790
502295
697761
623627
689713
870811
591345
95036
650280
137358
393367
412356
527592
683844
760730
188991
17558
976206
701932
775078
801376
503769
222121
611811
620584
721695
795948
39997
170218
582824
893747
628930
367750
612864
816720
890793
103060
517382
38826
867277
955355
187336
957288
765724
994631
643070
529305
644017
135830
474573
681043
48792
700623
485776
654275
100927
369564
4228
24465
320051
226774
541337
923504
28690
847837
227559
25190
140014
246921
623819
463607
467449
559166
819423
324180
241244
95987
731104
195062
303239
182445
406953
359986
80463
941285
730329
5478
80005
267520
623476
744799
706900
798663
429939
387411
719123
75749
271040
980929
759728
335754
318140
985507
373092
431507
751491
570971
123032
470247
941842
737081
546591
625831
966643
341115
37277
837087
716403
730537
415716
467571
299333
249414
256381
300172
767809
481126
388199
384018
542663
643523
406674
681284
490441
530173
889562
162652
845752
410750
798619
177018
553798
601668
438354
936273
309131
508834
928657
672029
79398
490776
37262
102641
515867
816576
171496
426746
631326
620612
22614
157720
715314
922267
836314
578313
650481
620398
87063
791627
392970
770850
644494
578280
31779
713666
60496
603343
181007
822657
155078
212758
839311
95997
819871
514113
976396
186464
26665
156459
551385
118411
378202
65787
511602
702939
947657
659421
393577
474742
422243
55195
839866
635994
931975
221313
828403
732278
49925
531558
170947
346192
871825
795247
863419
423706
393070
111882
515552
420284
264906
513418
21252
248152
998956
891212
61395
64159
245099
264686
622278
44437
702554
261056
340917
444547
530982
779218
388559
197459
673386
98354
459771
427051
397300
531187
174365
77613
45094
888010
761061
918005
83238
840952
880185
643950
758591
339235
102249
613904
796389
116587
798149
246104
627606
776414
624559
585154
391907
516541
728040
80288
5163
474048
929715
378042
394894
208659
839741
92566
760003
486116
64435
308309
7205
270513
414317
324040
18634
917566
488264
104919
726773
376375
662862
32371
303644
48373
201323
31270
110686
581956
568820
885626
971600
659254
375328
916056
824915
590690
445487
68692
499601
52703
47244
544990
134680
188675
472981
412258
586834
647525
284459
826648
410728
627365
529043
676127
921890
